4 0.0444140625 0.2837109375 0.0619140625 0.067421875
4 0.2149609375 0.1506640625 0.0818359375 0.1008203125
4 0.4191796875 0.0968359375 0.06921875 0.09734375
4 0.2188671875 0.6524609375 0.0809765625 0.0627734375
4 0.139453125 0.83828125 0.0697265625 0.0871484375
4 0.341484375 0.6255859375 0.0614453125 0.113125
4 0.3709765625 0.438046875 0.0857421875 0.10265625
4 0.4315234375 0.97546875 0.1243359375 0.0490625
4 0.580625 0.8265625 0.0969921875 0.0723828125
4 0.699296875 0.5676171875 0.0609375 0.0449609375
4 0.6276953125 0.315625 0.0653125 0.083515625
4 0.5665234375 0.0951171875 0.0557421875 0.076484375
4 0.848828125 0.1333203125 0.0778515625 0.06609375
4 0.89828125 0.4512890625 0.10734375 0.0726953125
4 0.9508203125 0.5330859375 0.0648046875 0.0757421875
4 0.8464453125 0.8699609375 0.0687109375 0.107109375