4 0.238203125 0.0692578125 0.0458203125 0.072578125
4 0.1867578125 0.4156640625 0.068828125 0.0709375
4 0.1233984375 0.653984375 0.081015625 0.0875
4 0.0921484375 0.950703125 0.1053125 0.095
4 0.3787890625 0.86953125 0.066640625 0.097578125
4 0.2978515625 0.6329296875 0.0653515625 0.084453125
4 0.314140625 0.3388671875 0.0675 0.0995703125
4 0.4367578125 0.0725390625 0.0653125 0.0834375
4 0.633984375 0.392890625 0.056171875 0.0644140625
4 0.676953125 0.0694921875 0.063984375 0.1033984375
4 0.95921875 0.121171875 0.0816015625 0.11125
4 0.8629296875 0.3180078125 0.0843359375 0.0752734375
4 0.623359375 0.710234375 0.091328125 0.0827734375
4 0.668046875 0.9131640625 0.1026171875 0.093671875
4 0.8746484375 0.7128125 0.0817578125 0.0705859375
4 0.965703125 0.9656640625 0.06859375 0.0511328125