4 0.22125 0.0677734375 0.0380078125 0.0478515625
4 0.035078125 0.2722265625 0.07015625 0.0661328125
4 0.3536328125 0.18734375 0.0857421875 0.0483203125
4 0.5841015625 0.1079296875 0.06921875 0.07171875
4 0.9605859375 0.1274609375 0.0452734375 0.084765625
4 0.6014453125 0.3423046875 0.0518359375 0.071796875
4 0.4504296875 0.4684375 0.0969921875 0.093984375
4 0.0318359375 0.670703125 0.0627734375 0.06453125
4 0.142265625 0.8532421875 0.071015625 0.0606640625
4 0.4041796875 0.701328125 0.0609765625 0.069296875
4 0.6812890625 0.6097265625 0.0553125 0.0510546875
4 0.8396875 0.414609375 0.0509375 0.0383984375
4 0.9182421875 0.623828125 0.043125 0.0575390625
4 0.9134765625 0.846953125 0.059609375 0.052421875
4 0.591015625 0.95265625 0.048359375 0.0424609375