4 0.091484375 0.1567578125 0.0649609375 0.0608984375
4 0.0344140625 0.409375 0.0680078125 0.080078125
4 0.4271875 0.151953125 0.1156640625 0.06
4 0.5919140625 0.221875 0.0501171875 0.0522265625
4 0.288984375 0.426953125 0.0519140625 0.0587890625
4 0.6240234375 0.3559765625 0.079609375 0.06875
4 0.961875 0.23140625 0.0565625 0.0539453125
4 0.9228125 0.410703125 0.065234375 0.056640625
4 0.88265625 0.5587109375 0.1108203125 0.0662109375
4 0.6928125 0.7193359375 0.091328125 0.0749609375
4 0.3907421875 0.6133984375 0.0601171875 0.0714453125
4 0.208046875 0.721953125 0.06796875 0.08015625
4 0.1993359375 0.850859375 0.06796875 0.06890625
4 0.32171875 0.932890625 0.0696875 0.068046875
4 0.62140625 0.9372265625 0.05703125 0.059375
4 0.9000390625 0.936796875 0.0656640625 0.0671875