4 0.148359375 0.131796875 0.117890625 0.0587109375
4 0.3694921875 0.148515625 0.078359375 0.0530859375
4 0.6096875 0.0716796875 0.0596484375 0.0816796875
4 0.8648828125 0.12984375 0.1186328125 0.059140625
4 0.128828125 0.4412890625 0.1048828125 0.06140625
4 0.339296875 0.4705859375 0.06578125 0.054921875
4 0.5562890625 0.47015625 0.10046875 0.062734375
4 0.97875 0.45953125 0.0425390625 0.097890625
4 0.184375 0.6177734375 0.094453125 0.11484375
4 0.3382421875 0.727578125 0.0679296875 0.048046875
4 0.654375 0.655078125 0.0709375 0.0853515625
4 0.88765625 0.640546875 0.055703125 0.069296875
4 0.207578125 0.9140234375 0.0584375 0.0606640625
4 0.4033203125 0.941796875 0.0592578125 0.064140625
4 0.6474609375 0.878203125 0.05703125 0.0628515625
4 0.8294921875 0.967890625 0.0609375 0.06421875