4 0.0804296875 0.1235546875 0.1079296875 0.0508984375
4 0.226484375 0.40875 0.0831640625 0.0744140625
4 0.1965234375 0.84609375 0.10140625 0.085390625
4 0.046796875 0.6616015625 0.036328125 0.0549609375
4 0.2110546875 0.65203125 0.082734375 0.0705859375
4 0.397265625 0.7065234375 0.0818359375 0.06234375
4 0.423515625 0.8300390625 0.0779296875 0.061953125
4 0.4044140625 0.2192578125 0.074453125 0.064375
4 0.4688671875 0.2948046875 0.0774609375 0.0765625
4 0.6092578125 0.6763671875 0.0674609375 0.11921875
4 0.591015625 0.8630078125 0.0830859375 0.1105859375
4 0.842734375 0.0301953125 0.1525 0.0604296875
4 0.5886328125 0.4873046875 0.091328125 0.0492578125
4 0.8705078125 0.6848046875 0.0865234375 0.0883984375
4 0.9613671875 0.9711328125 0.077265625 0.057734375
4 0.7325 0.132421875 0.0535546875 0.0643359375
4 0.817578125 0.4725390625 0.067421875 0.054453125