4 0.07890625 0.112265625 0.1577734375 0.1158984375
4 0.385625 0.1522265625 0.1075 0.1063671875
4 0.55375 0.210625 0.135625 0.0806640625
4 0.9171875 0.2244921875 0.1003515625 0.0984765625
4 0.349375 0.4154296875 0.1178515625 0.1555859375
4 0.5417578125 0.378125 0.1513671875 0.1473046875
4 0.309609375 0.5564453125 0.1311328125 0.1095703125
4 0.4469140625 0.8941796875 0.150546875 0.0924609375
4 0.0438671875 0.9476953125 0.0877734375 0.0967578125
4 0.7301953125 0.8190234375 0.0847265625 0.131015625
4 0.853203125 0.949375 0.1402734375 0.0934765625
4 0.9660546875 0.7169140625 0.0678515625 0.115703125
4 0.66890625 0.566171875 0.1278125 0.1190625
4 0.1596875 0.57796875 0.0991015625 0.132734375
4 0.2301171875 0.480234375 0.0908203125 0.0693359375