4 0.1993359375 0.2142578125 0.06796875 0.0500390625
4 0.3540625 0.202109375 0.060546875 0.06046875
4 0.5448046875 0.0410546875 0.081796875 0.0595703125
4 0.9071875 0.10703125 0.08609375 0.0526171875
4 0.1084375 0.46453125 0.055390625 0.042734375
4 0.4599609375 0.4666796875 0.0640234375 0.05578125
4 0.627265625 0.33625 0.09046875 0.11171875
4 0.28765625 0.5344140625 0.0753515625 0.0523046875
4 0.922578125 0.3985546875 0.069140625 0.06703125
4 0.637890625 0.5408984375 0.07265625 0.0566796875
4 0.2288671875 0.699140625 0.0644921875 0.0562890625
4 0.4677734375 0.8178515625 0.0796484375 0.055
4 0.1798046875 0.97765625 0.10703125 0.0446875
4 0.69953125 0.970234375 0.05703125 0.0559375
4 0.9391015625 0.9700390625 0.084765625 0.0598828125
4 0.8160546875 0.623828125 0.0600390625 0.0575390625