4 0.2598828125 0.11921875 0.176015625 0.1290234375
4 0.5858203125 0.1428515625 0.0900390625 0.1025390625
4 0.7956640625 0.07578125 0.0800390625 0.0769140625
4 0.20671875 0.3768359375 0.10875 0.075703125
4 0.3879296875 0.3972265625 0.1108984375 0.1078515625
4 0.6951953125 0.4298046875 0.0830859375 0.09484375
4 0.965703125 0.395703125 0.06859375 0.10046875
4 0.181328125 0.753203125 0.09703125 0.14265625
4 0.306328125 0.726484375 0.0692578125 0.067578125
4 0.5888671875 0.5565625 0.087421875 0.070546875
4 0.943203125 0.5728125 0.09734375 0.090078125
4 0.3184765625 0.9033984375 0.0762109375 0.0784765625
4 0.59125 0.9031640625 0.0965625 0.0823828125
4 0.946171875 0.9429296875 0.10765625 0.114140625