4 0.195234375 0.1294140625 0.1074609375 0.049609375
4 0.402890625 0.131796875 0.0497265625 0.0587109375
4 0.6617578125 0.038671875 0.07921875 0.05375
4 0.0969140625 0.336015625 0.0367578125 0.046171875
4 0.0667578125 0.6142578125 0.0415234375 0.02109375
4 0.5467578125 0.4137109375 0.0813671875 0.0540234375
4 0.68171875 0.592578125 0.06484375 0.0818359375
4 0.9310546875 0.91359375 0.1077734375 0.085859375
4 0.9642578125 0.395703125 0.0656640625 0.0657421875
4 0.9733203125 0.149140625 0.0533984375 0.1108203125
4 0.0828125 0.954609375 0.0823046875 0.0767578125
4 0.3633984375 0.56609375 0.0662109375 0.054921875
4 0.4940234375 0.8478125 0.041015625 0.0715234375