4 0.4560546875 0.099453125 0.0648828125 0.05046875
4 0.16484375 0.23140625 0.0640625 0.0539453125
4 0.1205859375 0.3725 0.06234375 0.06703125
4 0.3360546875 0.401796875 0.0723046875 0.0605078125
4 0.590390625 0.117890625 0.060078125 0.0656640625
4 0.865078125 0.185625 0.08 0.0969140625
4 0.610546875 0.38703125 0.06140625 0.0657421875
4 0.949921875 0.39265625 0.0630859375 0.0509765625
4 0.195859375 0.6563671875 0.061015625 0.0619140625
4 0.4853515625 0.6105859375 0.058359375 0.07015625
4 0.8696484375 0.5665234375 0.084765625 0.0644921875
4 0.5836328125 0.70109375 0.0596484375 0.055859375
4 0.174375 0.8208984375 0.0831640625 0.069765625
4 0.3048046875 0.8150390625 0.061875 0.0710546875
4 0.558046875 0.793125 0.0587890625 0.0732421875
4 0.8902734375 0.886015625 0.102578125 0.06109375