4 0.366875 0.0673046875 0.05578125 0.0730078125
4 0.088671875 0.1908203125 0.0636328125 0.10734375
4 0.14640625 0.37421875 0.06625 0.0705078125
4 0.1034375 0.5723828125 0.07578125 0.080546875
4 0.1264453125 0.8052734375 0.0610546875 0.0905859375
4 0.4321875 0.320625 0.060546875 0.063125
4 0.59515625 0.154375 0.0609765625 0.0517578125
4 0.9819921875 0.196015625 0.036015625 0.100390625
4 0.5866796875 0.4041796875 0.0570703125 0.0696484375
4 0.8579296875 0.4694921875 0.0700390625 0.074453125
4 0.5680078125 0.600390625 0.063125 0.0627734375
4 0.445 0.73125 0.05578125 0.0684375
4 0.4080859375 0.823515625 0.0601171875 0.0749609375
4 0.6455078125 0.9572265625 0.07484375 0.064609375
4 0.8625 0.8287109375 0.10953125 0.085390625
4 0.9076171875 0.6451171875 0.0608984375 0.0566796875