4 0.0485546875 0.1994921875 0.091875 0.09
4 0.2841796875 0.187578125 0.0857421875 0.079140625
4 0.6046875 0.2038671875 0.1321484375 0.098671875
4 0.8965625 0.046484375 0.1038671875 0.0834375
4 0.156171875 0.4660546875 0.0640625 0.0675
4 0.34625 0.327578125 0.0796484375 0.0769921875
4 0.6465625 0.446953125 0.07265625 0.0640234375
4 0.845546875 0.469296875 0.10171875 0.078359375
4 0.2 0.7182421875 0.0909765625 0.077109375
4 0.30328125 0.570859375 0.08921875 0.1252734375
4 0.6483203125 0.61296875 0.0761328125 0.0792578125
4 0.82015625 0.60125 0.0552734375 0.0471484375
4 0.81453125 0.68546875 0.0873828125 0.0766796875
4 0.1839453125 0.8981640625 0.0848828125 0.0854296875
4 0.484921875 0.8649609375 0.066171875 0.0754296875
4 0.6893359375 0.784453125 0.084375 0.0836328125
4 0.860546875 0.94203125 0.1446875 0.095