4 0.1465625 0.1584765625 0.161796875 0.112734375
4 0.4914453125 0.2120703125 0.0618359375 0.101875
4 0.164140625 0.3894140625 0.1537890625 0.0987890625
4 0.1873828125 0.5352734375 0.1698828125 0.136953125
4 0.3623046875 0.554375 0.094375 0.1334765625
4 0.3668359375 0.3824609375 0.1338671875 0.07796875
4 0.63640625 0.3041015625 0.09140625 0.0914453125
4 0.61015625 0.1493359375 0.1300390625 0.1535546875
4 0.9602734375 0.178203125 0.0794140625 0.10015625
4 0.8578125 0.4354296875 0.186953125 0.1456640625
4 0.6553125 0.6375 0.116171875 0.1885546875
4 0.494453125 0.8833984375 0.111328125 0.1351171875