4 0.1315625 0.22859375 0.0936328125 0.1209765625
4 0.3210546875 0.3442578125 0.135703125 0.1196484375
4 0.378359375 0.1927734375 0.107890625 0.205625
4 0.645078125 0.19625 0.116953125 0.0771484375
4 0.8106640625 0.208828125 0.1459765625 0.130078125
4 0.18171875 0.4775390625 0.0758203125 0.10484375
4 0.12875 0.5665234375 0.1123046875 0.16125
4 0.1289453125 0.8139453125 0.16828125 0.16984375
4 0.467109375 0.8401953125 0.1256640625 0.1216796875
4 0.48078125 0.58671875 0.093984375 0.142578125
4 0.66203125 0.6190234375 0.109140625 0.116953125
4 0.67546875 0.3841796875 0.125625 0.1439453125
4 0.6594140625 0.9667578125 0.1143359375 0.058671875