4 0.127109375 0.2326953125 0.0493359375 0.047890625
4 0.4764453125 0.228359375 0.0796484375 0.03921875
4 0.304140625 0.4519140625 0.05625 0.095703125
4 0.1867578125 0.486640625 0.0862109375 0.0436328125
4 0.22453125 0.6047265625 0.0662109375 0.0887890625
4 0.3323828125 0.604296875 0.103984375 0.061875
4 0.1140625 0.9678515625 0.0580078125 0.0641796875
4 0.6980078125 0.0547265625 0.0496484375 0.0738671875
4 0.9819921875 0.18171875 0.036015625 0.063046875
4 0.60359375 0.296953125 0.0822265625 0.0722265625
4 0.7038671875 0.56390625 0.0830859375 0.076640625
4 0.9819921875 0.4063671875 0.036015625 0.0653125
4 0.9490625 0.715 0.0787109375 0.06625
4 0.4610546875 0.877109375 0.07921875 0.065
4 0.535703125 0.9346484375 0.0548828125 0.0715234375
4 0.8774609375 0.8211328125 0.0483203125 0.065859375