4 0.069375 0.1037890625 0.04671875 0.076484375
4 0.308046875 0.154140625 0.0553515625 0.090390625
4 0.530703125 0.1315625 0.0405859375 0.0626171875
4 0.8158203125 0.186484375 0.0639453125 0.0465625
4 0.2091015625 0.4823046875 0.0484375 0.0523046875
4 0.731640625 0.3377734375 0.0518359375 0.0496484375
4 0.3193359375 0.4058984375 0.0605859375 0.0557421875
4 0.9488671875 0.3896484375 0.065234375 0.0709375
4 0.157265625 0.57 0.04453125 0.0714453125
4 0.3798828125 0.670078125 0.0540625 0.0519140625
4 0.2182421875 0.784453125 0.05796875 0.0662890625
4 0.34625 0.808984375 0.0796484375 0.05890625
4 0.705390625 0.7228125 0.0730859375 0.0471484375
4 0.6515625 0.793359375 0.0696484375 0.0797265625
4 0.8635546875 0.7204296875 0.0552734375 0.0554296875
4 0.8618359375 0.9635546875 0.0865234375 0.0729296875