4 0.2260546875 0.118125 0.05625 0.0791015625
4 0.4764453125 0.0575390625 0.062265625 0.0578125
4 0.72359375 0.10703125 0.0574609375 0.0526171875
4 0.9173828125 0.1578515625 0.07609375 0.07609375
4 0.069140625 0.46125 0.050625 0.066640625
4 0.1661328125 0.5411328125 0.040625 0.0527734375
4 0.47296875 0.4764453125 0.0553515625 0.05359375
4 0.641796875 0.4680078125 0.071796875 0.0670703125
4 0.8001953125 0.478828125 0.050078125 0.0453515625
4 0.3853125 0.6183984375 0.0709765625 0.0510546875
4 0.666328125 0.699140625 0.081796875 0.0736328125
4 0.8726953125 0.5704296875 0.0474609375 0.04625
4 0.1995703125 0.90859375 0.0640625 0.0715234375
4 0.3078515625 0.928359375 0.076640625 0.115390625
4 0.6882421875 0.8946875 0.10390625 0.06109375
4 0.9182421875 0.9650390625 0.06046875 0.048984375