4 0.03421875 0.0794921875 0.05453125 0.0626171875
4 0.4265625 0.143515625 0.05796875 0.05609375
4 0.6708984375 0.1389453125 0.0691796875 0.051328125
4 0.9798046875 0.2320703125 0.0403515625 0.0422265625
4 0.396796875 0.3369140625 0.072265625 0.1
4 0.0558984375 0.4747265625 0.063203125 0.0501171875
4 0.72078125 0.282421875 0.073515625 0.0387890625
4 0.9819921875 0.4239453125 0.036015625 0.07875
4 0.126640625 0.717578125 0.0571484375 0.0541015625
4 0.43046875 0.6448828125 0.0570703125 0.0432421875
4 0.581484375 0.6359765625 0.063984375 0.0644921875
4 0.7915234375 0.646171875 0.067421875 0.071875
4 0.1769921875 0.9012109375 0.071015625 0.1175390625
4 0.4797265625 0.8044140625 0.048828125 0.0506640625
4 0.72015625 0.802890625 0.067890625 0.081484375
4 0.9830859375 0.85953125 0.0338671875 0.0862890625