4 0.19046875 0.0560546875 0.08921875 0.0504296875
4 0.713828125 0.058203125 0.0769921875 0.098203125
4 0.3642578125 0.1858203125 0.0853125 0.0756640625
4 0.1553125 0.3199609375 0.0449609375 0.0574609375
4 0.3323828125 0.4493359375 0.0866015625 0.0905078125
4 0.184609375 0.6476953125 0.0558203125 0.0619140625
4 0.0539453125 0.89578125 0.0462890625 0.0589453125
4 0.8169140625 0.1548046875 0.061796875 0.0821484375
4 0.6928125 0.4111328125 0.0739453125 0.066171875
4 0.424140625 0.65203125 0.048828125 0.0879296875
4 0.38640625 0.92203125 0.086171875 0.0550390625
4 0.7047265625 0.6759375 0.0674609375 0.074921875
4 0.78328125 0.6663671875 0.059609375 0.073203125
4 0.92953125 0.33734375 0.0483203125 0.07484375
4 0.89765625 0.87625 0.049609375 0.080625
4 0.7231640625 0.8808203125 0.0652734375 0.0854296875