4 0.09671875 0.154140625 0.092734375 0.073046875
4 0.4725390625 0.0742578125 0.0631640625 0.0521875
4 0.567578125 0.1678125 0.05359375 0.05265625
4 0.699296875 0.15890625 0.0956640625 0.0565625
4 0.8685546875 0.1003125 0.069609375 0.0521875
4 0.048984375 0.4365234375 0.0666796875 0.077890625
4 0.405078125 0.3707421875 0.080078125 0.0635546875
4 0.62359375 0.388984375 0.070078125 0.0653125
4 0.889609375 0.3403515625 0.10734375 0.089609375
4 0.1761328125 0.5732421875 0.0519140625 0.0475390625
4 0.3825 0.5615234375 0.0523046875 0.0675390625
4 0.7752734375 0.6646484375 0.0652734375 0.05234375
4 0.6776171875 0.7178125 0.1043359375 0.067578125
4 0.21390625 0.8504296875 0.0666796875 0.059375
4 0.4141796875 0.8261328125 0.0896484375 0.0628125
4 0.596875 0.816796875 0.081796875 0.0571875
4 0.88375 0.834140625 0.0739453125 0.0571875