4 0.1624609375 0.0496484375 0.122109375 0.0854296875
4 0.402890625 0.0759765625 0.1065234375 0.1353515625
4 0.5272265625 0.41046875 0.105234375 0.1478515625
4 0.185703125 0.33796875 0.102578125 0.1105078125
4 0.350390625 0.43890625 0.1855078125 0.103984375
4 0.2238671875 0.58453125 0.1130078125 0.103515625
4 0.3879296875 0.6455078125 0.097421875 0.124765625
4 0.4066015625 0.7894140625 0.120859375 0.0930078125
4 0.590390625 0.700234375 0.0961328125 0.1021875
4 0.558046875 0.83609375 0.08703125 0.1342578125
4 0.1967578125 0.9415625 0.1108203125 0.116875
4 0.83234375 0.0974609375 0.0940234375 0.122734375
4 0.8676953125 0.2828515625 0.14046875 0.1079296875
4 0.9722265625 0.66875 0.055546875 0.1781640625
4 0.940625 0.8528125 0.0921484375 0.1398828125