4 0.6316015625 0.0794921875 0.0470703125 0.045234375
4 0.607734375 0.410234375 0.0948046875 0.0297265625
4 0.6433203125 0.5751953125 0.0618359375 0.047109375
4 0.4521484375 0.6574609375 0.0657421875 0.077109375
4 0.1099609375 0.7028515625 0.0627734375 0.041953125
4 0.1010546875 0.199296875 0.0840625 0.0591796875
4 0.8355859375 0.1810546875 0.0904296875 0.0921484375
4 0.8696484375 0.4384765625 0.067421875 0.0601171875
4 0.2308203125 0.87625 0.057109375 0.0980078125
4 0.6190234375 0.914453125 0.0479296875 0.070234375
4 0.941484375 0.8395703125 0.0765234375 0.0637109375
4 0.866171875 0.684375 0.06046875 0.061484375
4 0.32953125 0.83109375 0.0505859375 0.111875