4 0.0823046875 0.14046875 0.1270703125 0.16703125
4 0.9285546875 0.5986328125 0.1351171875 0.183828125
4 0.95921875 0.888828125 0.0816015625 0.12859375
4 0.5934375 0.859765625 0.1183203125 0.0912890625
4 0.377265625 0.895546875 0.10265625 0.1212109375
4 0.141328125 0.9385546875 0.1131640625 0.0855859375
4 0.2904296875 0.680234375 0.0883984375 0.124765625
4 0.059296875 0.6516015625 0.1123046875 0.1994140625
4 0.6516015625 0.5977734375 0.077890625 0.0987109375
4 0.5671484375 0.4766796875 0.1555859375 0.08921875
4 0.2192578125 0.377265625 0.091875 0.071015625
4 0.36421875 0.28109375 0.1144140625 0.0940625
4 0.842578125 0.421328125 0.112578125 0.100078125
4 0.8920703125 0.0770703125 0.1177734375 0.1027734375
4 0.655078125 0.077734375 0.1230078125 0.1144921875
4 0.41328125 0.09421875 0.129140625 0.1683203125